cluster_id	PPD00_BB078	PPD00_BB231	PPD00_BC641	PPD00_BD619	PPD00_BD620	PBD08_BB078	PBD08_BB231	PBD08_BC641	PBD08_BD619	PBD08_BD620	PBD28_BB078	PBD28_BB231	PBD28_BC641	PBD28_BD619	PBD28_BD620					
day	D00	D00	D00	D00	D00	D08	D08	D08	D08	D08	D28	D28	D28	D28	D28					
indiv	BB078	BB231	BC641	BD619	BD620	BB078	BB231	BC641	BD619	BD620	BB078	BB231	BC641	BD619	BD620					
total	6805	11369	3750	13946	24523	15425	16138	18877	16927	28799	6323	9798	4750	16045	37983					
1	4.658	0.633	3.493	0.595	2.088	0.739	0.558	0.371	0.372	0.323	2.151	0.245	0.968	0.430	1.195					
2	1.440	2.929	1.387	4.216	1.374	4.110	4.319	3.242	3.226	2.701	1.961	3.256	0.968	3.303	0.211					
3	2.101	0.625	1.653	0.480	1.480	0.765	0.799	1.001	1.075	1.104	2.325	1.031	1.958	1.041	2.604					
4	0.338	1.038	0.133	1.958	0.648	0.843	0.905	1.033	1.057	0.944	0.807	1.347	0.632	1.782	0.171					
5	1.117	0.519	1.227	0.316	0.237	0.668	0.626	0.376	0.331	0.215	0.490	0.949	1.600	0.536	0.100					
6	0.632	5.321	0.400	6.547	0.995	3.572	4.840	2.808	3.291	2.427	0.364	2.899	0.232	2.019	0.124					
7	0.309	0.053	0.133	0.065	0.041	0.311	0.136	0.328	0.260	0.174	0.696	0.449	0.716	0.343	0.082					
8	2.087	1.020	1.227	0.595	0.995	0.921	0.651	0.789	0.809	0.906	1.249	0.755	0.568	0.598	1.148					
9	0.970	5.638	0.880	3.463	0.844	3.183	3.848	2.262	2.133	1.754	0.395	3.062	0.611	1.259	0.208					
10	2.366	0.915	2.240	1.262	0.665	1.744	1.276	0.906	0.910	0.667	1.977	0.378	1.495	0.779	0.374					
11	0.573	0.158	0.560	0.316	0.147	0.622	0.490	0.366	0.313	0.257	0.395	0.235	0.463	0.187	0.118					
12	0.206	0.035	0.160	0.237	0.122	0.298	0.192	0.424	0.378	0.240	0.253	0.041	0.863	1.552	0.245					
13	2.263	1.416	2.720	0.380	0.881	2.561	2.906	2.103	1.843	1.722	3.242	2.225	4.084	0.679	2.706					
14	3.248	0.545	4.640	0.638	2.850	0.545	0.539	0.747	0.644	0.681	1.819	0.521	2.568	0.654	2.554					
15	2.072	1.566	1.413	2.051	1.264	2.100	2.156	1.414	1.371	1.212	1.344	1.204	0.842	1.028	0.271					
16	0.808	0.378	0.907	1.119	2.251	0.415	0.297	1.044	1.004	1.170	0.822	0.398	1.453	2.699	3.088					
17	2.072	0.176	3.547	0.323	1.236	0.318	0.235	0.249	0.242	0.260	0.838	0.112	1.389	0.193	0.453					
18	0.588	1.108	0.853	1.154	0.799	1.802	1.809	1.536	1.276	1.007	2.119	3.868	2.274	2.593	0.806					
19	0.353	1.029	0.347	1.097	3.784	1.420	1.060	3.279	3.810	5.427	0.664	1.388	0.421	1.458	2.541					
20	2.292	0.836	1.333	0.617	0.294	1.828	1.431	1.240	1.063	0.837	5.630	1.021	2.611	1.720	1.522					
21	0.367	0.686	0.027	2.961	2.088	1.582	1.692	3.104	3.545	4.063	0.443	2.286	0.126	3.285	0.324					
22	1.308	0.361	2.080	0.043	0.196	0.486	0.539	0.509	0.337	0.309	2.530	0.541	2.042	0.175	0.827					
23	0.955	2.120	2.187	2.682	0.530	1.815	1.710	1.346	1.329	0.976	1.534	1.347	1.537	1.845	0.058					
24	0.558	0.537	0.933	0.660	0.302	0.882	0.917	0.646	0.555	0.444	1.123	0.551	0.589	0.698	0.361					
25	1.087	0.686	1.280	0.093	0.469	1.413	1.741	1.277	1.182	1.174	1.281	0.980	1.179	0.287	1.411					
26	0.823	6.650	1.627	7.328	1.448	5.472	6.457	4.000	3.527	3.024	1.455	6.011	0.653	4.450	0.642					
27	0.485	1.099	0.427	1.879	9.697	0.817	0.669	2.410	3.048	3.778	0.221	0.898	0.211	0.767	1.174					
28	0.529	0.730	0.667	0.602	0.665	1.031	1.022	1.160	1.176	1.285	0.538	1.327	0.800	1.159	1.293					
29	2.381	3.123	2.667	2.503	0.852	4.039	4.319	2.940	2.511	2.316	2.704	2.572	1.663	2.904	0.835					
30	0.397	1.847	0.187	3.628	1.403	2.379	2.379	2.834	2.895	2.934	1.344	5.501	0.505	5.622	0.771					
31	1.029	4.635	1.147	5.199	1.966	3.105	3.768	3.094	3.196	2.601	1.186	3.480	0.484	2.244	0.303					
32	4.217	3.756	1.920	2.187	0.962	4.110	4.307	2.628	2.794	2.135	3.764	1.715	1.179	2.493	0.914					
33	0.382	0.343	0.133	0.057	0.082	4.071	3.929	2.225	1.725	1.528	1.028	0.633	0.484	0.274	0.800					
34	0.705	4.319	0.347	3.628	1.386	3.352	3.873	2.304	2.109	1.774	0.996	3.317	0.463	1.913	0.224					
35	1.190	4.459	1.973	2.438	1.778	2.587	2.578	2.553	2.588	2.677	1.281	2.368	2.084	1.951	3.125					
36	0.103	0.035	0.133	0.380	0.249	0.065	0.056	0.132	0.236	0.184	0.127	0.031	0.168	0.891	0.126					
37	1.896	1.372	3.867	1.240	1.990	0.992	0.917	1.393	1.193	1.372	1.439	1.368	2.863	1.328	1.798					
38	3.909	0.255	1.600	0.222	0.632	0.590	0.421	0.615	0.620	0.715	1.060	0.980	2.253	0.723	0.616					
39	1.631	0.378	4.987	0.316	0.860	1.543	1.289	1.393	1.382	1.323	2.610	0.776	4.905	0.586	2.169					
40	1.058	1.636	0.560	0.251	0.326	0.694	0.570	0.599	0.620	0.677	1.914	1.327	0.589	0.816	1.216					
41	0.294	0.756	0.507	2.209	1.068	0.259	0.254	0.434	0.425	0.455	0.253	0.112	0.232	0.530	0.026					
42	2.689	0.449	2.453	0.452	2.614	0.577	0.595	0.429	0.431	0.417	1.455	0.133	1.853	0.305	1.943					
43	2.101	0.158	2.907	0.172	1.060	0.434	0.521	0.567	0.514	0.514	0.759	0.174	1.389	0.243	0.937					
44	3.424	2.744	3.013	1.542	1.329	1.193	1.072	1.203	1.093	1.097	1.803	1.204	1.789	1.028	1.043					
45	0.220	0.097	0.347	0.151	0.273	0.227	0.167	0.498	0.384	0.524	0.348	0.071	1.495	1.022	1.580					
46	0.426	0.809	1.307	0.351	0.930	1.024	0.824	1.102	1.140	1.226	0.490	0.857	1.242	0.449	3.207					
47	0.882	0.413	0.747	0.488	0.885	0.473	0.539	0.487	0.461	0.476	0.791	0.439	1.011	0.748	0.703					
48	0.882	2.911	1.520	2.001	2.981	0.674	0.744	1.091	0.975	1.090	0.411	1.051	0.632	1.147	1.319					
49	3.350	1.205	3.307	1.004	2.271	0.655	0.490	0.498	0.502	0.399	1.408	0.684	1.768	0.960	1.208					
50	0.279	0.158	0.027	1.111	1.154	0.953	0.700	1.939	1.825	2.320	1.787	5.011	0.421	5.665	1.345					
51	0.220	0.633	0.213	0.459	0.069	0.583	0.694	0.519	0.396	0.222	2.040	1.459	1.684	1.508	0.848					
52	0.147	0.308	0.027	0.767	3.397	1.005	0.719	2.702	3.184	3.767	0.791	2.817	0.063	1.826	0.911					
53	0.338	0.053	0.293	0.394	0.163	0.324	0.248	0.387	0.461	0.406	0.712	0.071	0.526	0.985	0.340					
54	2.410	0.528	1.653	0.272	1.762	0.791	0.620	0.752	0.798	0.854	1.787	0.612	2.189	0.505	3.912					
55	1.749	1.838	1.307	0.860	1.435	0.525	0.440	0.583	0.532	0.688	0.712	0.561	0.337	0.455	1.043					
56	2.557	1.522	1.013	0.810	0.787	2.146	1.933	1.499	1.506	1.208	2.625	1.327	1.537	1.278	1.214					
57	0.044	0.132	0.187	0.072	0.049	0.201	0.143	0.201	0.213	0.118	0.917	0.633	1.916	0.536	0.948					
58	2.351	0.897	1.707	0.215	0.938	1.180	0.936	1.669	1.766	2.285	3.638	1.357	4.316	1.346	7.280					
59	0.235	0.924	0.667	0.753	0.200	0.642	0.793	0.567	0.502	0.319	1.170	1.643	1.811	1.271	0.087					
60	1.176	0.950	0.827	0.394	0.555	0.921	0.669	1.028	1.205	1.299	1.170	1.143	0.779	1.228	2.617					
61	1.969	0.176	1.120	0.100	0.159	0.473	0.316	0.371	0.402	0.253	0.474	0.806	1.474	0.380	0.145					
62	1.954	0.457	1.973	0.459	1.130	1.044	1.103	0.985	0.963	0.767	1.170	0.929	2.884	0.735	1.106					
63	0.691	1.135	1.307	0.753	0.318	0.869	0.675	0.524	0.567	0.420	0.901	0.959	1.095	0.729	0.471					
64	0.485	3.105	0.667	4.776	2.063	1.368	1.338	1.748	1.719	1.951	0.364	1.459	0.147	1.583	0.279					
65	0.882	0.396	2.240	0.165	0.657	0.849	0.861	0.985	0.874	0.892	0.996	0.653	3.200	0.467	1.072					
66	3.953	0.836	2.400	1.068	1.448	1.809	1.506	1.171	1.176	0.917	3.495	0.572	1.242	0.966	0.900					
67	1.058	0.273	0.533	0.115	0.918	0.395	0.260	0.524	0.419	0.635	1.534	0.888	1.411	0.511	4.099					
68	0.279	0.537	0.000	1.578	2.357	1.310	1.153	2.220	2.729	2.979	0.522	1.511	0.126	1.832	0.479					
69	0.250	0.176	0.213	0.143	0.306	0.486	0.390	0.657	0.561	0.618	0.822	0.602	1.053	1.035	1.640					
70	0.794	0.308	0.827	0.301	1.256	0.512	0.675	0.768	0.685	0.833	0.633	0.623	1.158	0.636	2.391					
71	1.249	0.325	0.907	1.047	2.304	0.590	0.409	0.948	1.353	1.455	0.633	0.214	1.095	1.913	2.546					
72	0.220	0.009	0.107	0.108	0.159	0.194	0.105	0.244	0.189	0.236	0.506	0.092	1.284	0.667	0.682					
73	0.632	5.515	0.853	5.708	1.158	2.139	2.937	2.336	2.280	2.177	0.206	1.990	0.253	1.290	0.137					
74	1.220	2.269	1.920	1.785	6.255	1.569	1.400	3.465	3.681	4.656	1.265	1.306	2.147	1.546	5.260					
75	0.294	0.264	0.320	0.366	0.126	0.720	0.595	0.678	0.608	0.406	1.661	0.929	1.474	1.527	0.871					
76	1.073	0.668	0.667	0.660	1.570	0.305	0.223	0.350	0.295	0.323	0.237	0.225	0.253	0.436	0.621					
77	0.500	0.246	0.960	0.308	1.550	0.201	0.192	0.201	0.325	0.299	0.285	0.133	0.526	0.324	0.590					
78	0.000	0.079	0.027	0.057	0.082	0.136	0.192	0.313	0.230	0.354	0.158	0.408	0.189	0.181	1.229					
79	0.015	0.167	0.027	0.057	0.175	0.201	0.136	0.339	0.414	0.497	0.348	0.694	0.316	0.573	2.285					
80	1.205	0.607	0.907	0.244	1.215	0.253	0.204	0.339	0.236	0.326	0.601	0.255	0.189	0.368	1.179					
