Pop id	Pop	Panel	Organ	25346	25347	25348	20497	20498	20499	25350	25351	25352	20485	20486	20487	24778	24779	24780	19426	19427	19428	24783	24784	24785	19432	19433	19434
			Mutation	CTRL	CTRL	CTRL	CTRL	CTRL	CTRL	CTRL	CTRL	CTRL	CTRL	CTRL	CTRL	MUT	MUT	MUT	MUT	MUT	MUT	MUT	MUT	MUT	MUT	MUT	MUT
			GENOTYPE	GA	GA	GA	GB	GB	GB	GA	GA	GA	GB	GB	GB	GA	GA	GA	GB	GB	GB	GA	GA	GA	GB	GB	GB
			SEX	M	M	M	M	M	M	F	F	F	F	F	F	M	M	M	M	M	M	F	F	F	F	F	F
			Comment	 	 	this	could	be	empty	or	not	 	 	 	 	 	 	 	 	 	 	 	 	 	 	 	 
Cellularity_Spleen	Cellularity		Spleen	140.04	188.128	110.44	134.648	163.944	119.296	92.736	169.536	120.04	174.832	141.856	166.088	362.784	119.44	194.424	125.264	172.304	209.24	153.224	308.1	89.944	110.008	114.36	103.696
NK Cells_A_Spleen	NK Cells	A	Spleen	2.73	2.92	3.03	2.3	2.1	2.18	2.92	2.92	2.66	2.6	2.8	2.9	2.5	2.1	2.5	1.5	1.7	1.5	1.9	1.5	1.6	1.9	1.9	1.7
NK Stage I_A_Spleen	NK Stage I	A	Spleen	2.00	2.20	2.10	4.0	3.8	4.20	3.50	3.20	3.10	3.8	4.3	2.2	4.9	4.6	3.0	3.4	4.5	4.5	4.4	3.8	3.5	4.1	4.1	4.8
NK Stage II_A_Spleen	NK Stage II	A	Spleen	54.50	55.10	62.50	56.7	59.6	56.20	58.20	57.50	51.60	58.4	66.4	58.6	62.3	55.5	58.6	65.3	55.7	61.6	62.3	47.0	50.4	53.0	53.5	54.4
NK Stage III_A_Spleen	NK Stage III	A	Spleen	28.10	28.50	22.60	16.8	15.8	19.70	23.50	24.20	23.30	12.7	10.1	16.0	14.2	15.7	19.9	13.9	15.7	14.6	13.5	23.9	20.4	13.4	14.8	13.3
NK Stage IV_A_Spleen	NK Stage IV	A	Spleen	13.60	12.60	11.30	20.8	19.3	18.20	12.60	13.00	18.80	22.6	16.9	20.8	16.0	21.3	16.2	15.1	21.1	16.6	16.3	23.6	23.7	26.9	24.1	25.3
NK EM_A_Spleen	NK EM	A	Spleen	13.40	17.30	15.30	26.0	44.6	19.00	18.30	17.30	24.30	25.9	21.9	15.3	9.3	11.4	13.1	17.5	13.7	17.1	10.0	19.5	16.5	13.7	16.5	16.9
NK CM_A_Spleen	NK CM	A	Spleen	85.40	82.00	84.10	72.9	54.0	80.00	80.70	81.60	74.20	72.2	77.2	82.7	86.8	84.3	85.1	81.6	84.7	81.8	89.1	77.7	81.6	83.7	80.5	79.9
L-T_A_Spleen	L-T	A	Spleen	30.65	27.77	30.54	21.7	19.3	21.24	28.49	26.65	27.04	27.5	29.3	27.4	29.9	28.7	26.9	24.9	28.8	21.8	30.3	28.0	26.6	23.3	27.0	27.0
ab-T_A_Spleen	ab-T	A	Spleen	27.04	25.04	28.10	19.9	17.8	19.38	25.48	23.51	23.75	24.5	26.3	24.6	27.6	26.3	24.2	22.8	24.9	20.0	26.8	25.4	24.2	21.6	24.8	24.6
CD4+ SP_A_Spleen	CD4+ SP	A	Spleen	17.17	15.87	18.33	12.0	11.3	11.96	15.73	14.65	14.77	14.3	15.8	14.6	18.0	18.2	16.8	12.3	14.6	11.3	16.9	14.7	15.4	12.6	14.4	14.0
Conventional CD4+_A_Spleen	Conventional CD4+	A	Spleen	17.03	15.77	18.28	12.0	11.2	11.90	15.71	14.62	14.76	14.3	15.8	14.4	18.0	18.2	16.7	12.3	14.6	11.3	16.9	14.7	15.4	12.6	14.4	14.0
EM/CM CD4_A_Spleen	EM/CM CD4	A	Spleen	15.10	16.90	14.80	29.9	38.3	28.00	15.80	15.10	18.30	32.4	29.2	38.8	3.3	4.8	3.6	8.8	11.7	11.7	4.0	5.4	4.8	7.9	7.5	7.8
Naive CD4_A_Spleen	Naive CD4	A	Spleen	81.70	79.30	81.50	65.7	57.4	68.90	81.40	82.50	77.70	66.1	68.8	58.0	92.7	92.9	92.6	87.3	85.4	84.4	94.1	91.1	91.6	89.5	87.5	89.9
Early CD4_A_Spleen	Early CD4	A	Spleen	8.36	7.67	7.42	5.1	4.9	6.61	7.51	7.67	6.21	6.4	6.6	6.3	5.1	9.2	9.3	7.0	6.3	7.0	9.6	8.9	11.9	11.0	9.3	9.4
Late CD4_A_Spleen	Late CD4	A	Spleen	72.51	70.96	73.90	60.3	52.2	61.85	73.65	74.54	71.14	59.5	62.0	50.8	87.5	83.6	83.2	80.1	79.1	77.3	84.3	82.1	79.5	78.2	78.0	80.3
Ly6C+ CD4_A_Spleen	Ly6C+ CD4	A	Spleen	36.80	30.60	29.30	22.1	25.8	23.60	36.90	33.80	35.00	21.2	23.0	16.1	33.6	31.8	30.1	38.1	38.2	38.0	31.2	35.0	29.9	27.1	27.5	26.0
Treg_A_Spleen	Treg	A	Spleen	0.80	0.60	0.30	0.4	0.3	0.50	0.10	0.20	0.10	0.1	0.1	1.5	0.1	0.1	0.1	0.0	0.1	0.0	0.1	0.1	0.1	0.1	0.1	0.0
EM TReg_A_Spleen	EM TReg	A	Spleen	30.70	32.50	30.20	51.3	68.6	47.70	30.00	31.80	37.10	54.5	46.3	69.8	34.5	34.5	28.0	47.6	71.1	39.1	22.2	40.9	35.9	38.5	26.1	12.5
CM TReg_A_Spleen	CM TReg	A	Spleen	68.80	66.10	68.90	46.0	29.4	51.60	70.00	68.20	62.90	45.5	53.7	30.0	62.1	65.5	70.7	52.4	28.9	56.5	77.8	59.1	64.1	56.4	73.9	87.5
Early Treg_A_Spleen	Early Treg	A	Spleen	16.90	17.80	19.10	15.1	21.1	15.40	19.00	20.50	25.00	16.0	45.5	25.2	16.7	19.4	22.6	36.4	27.3	23.1	35.7	26.9	39.0	40.9	35.3	57.1
Late Treg_A_Spleen	Late Treg	A	Spleen	81.50	80.50	79.00	84.9	77.2	83.20	79.40	75.00	65.90	80.0	50.0	73.4	83.3	80.6	75.5	36.4	63.6	69.2	60.7	65.4	58.5	50.0	50.0	35.7
Ly6C+ Treg_A_Spleen	Ly6C+ Treg	A	Spleen	12.70	11.50	8.50	2.7	7.2	6.90	21.10	16.30	17.10	7.3	14.6	13.5	31.0	18.2	17.3	9.5	5.3	13.0	19.4	13.6	25.0	17.9	34.8	25.0
CD8 SP_A_Spleen	CD8 SP	A	Spleen	9.17	8.44	9.01	7.3	5.9	6.79	8.94	8.09	8.20	9.2	9.5	8.9	8.7	6.9	6.3	9.7	9.4	8.0	8.1	8.9	7.2	7.5	8.7	8.9
EM CD8_A_Spleen	EM CD8	A	Spleen	3.50	5.30	3.90	7.3	11.9	6.60	4.00	3.90	7.20	6.0	4.0	5.3	1.8	2.2	3.4	5.0	4.4	4.4	0.7	2.6	4.2	1.7	2.3	1.4
CM CD8_A_Spleen	CM CD8	A	Spleen	26.13	24.50	21.81	24.4	26.8	30.8	22.6	24.5	18.9	26.3	24.1	28.7	18.5	22.3	23.1	27.4	26.6	29.0	21.5	29.3	24.4	32.7	32.3	26.1
Naive CD8_A_Spleen	Naive CD8	A	Spleen	68.98	68.00	72.78	65.0	56.7	60.52	72.11	69.93	71.01	67.1	70.9	64.4	74.7	71.6	70.3	64.6	65.3	63.0	74.4	60.0	64.6	63.7	62.9	70.3
Ly6C+ CD8_A_Spleen	Ly6C+ CD8	A	Spleen	42.30	40.90	33.90	34.3	43.9	38.60	28.40	30.40	31.40	30.6	26.1	29.9	51.1	40.9	44.6	46.2	53.3	48.9	26.9	44.3	34.9	28.7	32.0	26.3
Late CD8_A_Spleen	Late CD8	A	Spleen	61.19	61.33	65.51	60.0	51.8	54.05	64.83	63.08	64.91	59.9	63.2	56.3	69.4	63.3	61.6	58.3	58.6	56.5	65.4	53.1	55.9	54.6	55.5	61.7
Early CD8_A_Spleen	Early CD8	A	Spleen	7.66	6.53	7.13	4.9	4.8	6.42	7.21	6.78	5.97	7.1	7.6	8.0	5.3	8.3	8.6	6.3	6.7	6.4	9.0	6.8	8.6	9.1	7.3	8.7
gd-T_A_Spleen	gd-T	A	Spleen	0.32	0.26	0.30	0.3	0.3	0.28	0.29	0.28	0.26	0.4	0.4	0.6	0.2	0.2	0.2	0.3	0.3	0.2	0.3	0.4	0.3	0.3	0.3	0.3
EM gd-T_A_Spleen	EM gd-T	A	Spleen	12.10	20.80	19.80	18.4	18.2	13.00	23.70	20.60	30.50	11.0	12.9	9.5	12.4	14.8	15.3	9.3	7.6	10.3	16.0	14.4	16.0	7.9	8.9	9.1
Naive gd-T_A_Spleen	Naive gd-T	A	Spleen	85.90	78.70	78.90	80.2	80.3	86.30	76.00	78.80	68.60	88.4	86.6	90.2	86.9	84.5	83.9	90.3	92.1	89.0	83.7	84.8	83.5	91.9	90.6	90.6
Late gd-T_A_Spleen	Late gd-T	A	Spleen	53.26	52.18	53.42	56.5	65.4	66.80	51.68	54.61	49.12	68.5	69.4	65.2	67.4	61.7	60.0	74.6	70.2	72.3	52.6	62.5	60.7	70.9	71.3	70.9
Early gd-T_A_Spleen	Early gd-T	A	Spleen	4.51	6.80	6.32	5.3	3.3	2.87	7.44	5.95	8.33	2.4	2.5	2.6	2.8	4.0	4.3	1.6	1.8	1.9	5.8	3.8	4.3	1.8	1.9	2.0
Ly6C+ gd-T_A_Spleen	Ly6C+ gd-T	A	Spleen	31.40	30.80	26.70	43.6	57.1	49.00	24.90	26.00	25.30	48.3	51.4	49.0	43.0	39.0	39.7	68.8	67.7	66.9	33.9	36.2	33.8	55.2	54.0	50.8
Monocytes_A_Spleen	Monocytes	A	Spleen	1.12	0.78	0.83	1.0	0.9	0.88	0.70	0.91	0.79	0.7	0.6	0.5	0.8	1.1	1.2	0.5	0.6	0.6	0.6	0.8	0.6	0.9	1.2	0.8
Granulocytes_A_Spleen	Granulocytes	A	Spleen	2.05	1.25	1.75	1.7	2.8	1.44	1.39	1.61	1.36	1.8	1.7	1.7	1.2	1.6	1.5	2.8	1.2	2.5	1.7	2.0	1.2	2.5	2.2	2.1
NKT_A_Spleen	NKT	A	Spleen	0.70	0.72	0.64	0.9	1.1	0.98	1.00	1.02	0.96	1.8	1.4	2.1	0.9	1.0	0.7	1.4	1.3	1.4	1.0	1.1	0.8	1.5	1.7	1.9
Ly6C NKT_A_Spleen	Ly6C NKT	A	Spleen	36.60	32.00	34.60	45.7	40.1	43.10	32.90	33.70	30.00	53.5	51.5	47.7	61.7	52.3	55.0	77.3	73.8	75.1	55.9	52.3	50.3	60.6	59.9	63.1
Klrg1+ CD4_A_Spleen	Klrg1+ CD4	A	Spleen	3.00	3.40	2.70	4.1	4.4	4.10	0.90	1.00	1.00	1.7	1.2	5.5	1.7	1.9	2.0	1.9	2.7	2.5	3.2	2.8	2.5	3.1	2.6	2.6
Klrg1+ CD8_A_Spleen	Klrg1+ CD8	A	Spleen	0.80	0.80	1.60	0.9	2.2	1.70	0.30	0.40	0.40	1.3	0.5	3.3	0.3	0.4	0.4	0.7	1.0	0.6	0.7	0.7	0.5	0.9	0.7	0.6
Klrg1+ gd-T_A_Spleen	Klrg1+ gd-T	A	Spleen	6.10	3.60	3.50	4.6	2.5	2.50	2.00	1.30	1.90	1.9	1.9	5.2	5.4	7.6	5.6	4.2	2.6	2.1	4.6	2.5	1.1	2.2	3.1	4.5
Klrg1+ NK_A_Spleen	Klrg1+ NK	A	Spleen	40.80	38.20	46.90	36.3	40.4	39.10	32.30	37.60	31.40	39.4	44.3	47.6	46.9	37.0	43.4	41.4	36.7	39.5	38.6	37.4	34.9	40.5	39.5	37.8
B cells_B_Spleen	B cells	B	Spleen	4.80	3.90	4.20	2.4	1.6	2.90	2.40	1.90	1.60	1.7	2.4	3.2	4.6	3.5	5.3	2.5	2.6	2.4	4.0	2.9	3.0	3.6	2.8	3.0
CD45Rhi_B_Spleen	CD45Rhi	B	Spleen	84.99	84.08	85.95	88.0	85.3	90.50	87.09	82.80	83.44	86.0	88.2	87.8	86.9	83.9	83.9	87.6	83.3	88.0	82.8	85.8	81.0	87.2	88.7	87.4
CD23lolCD21/35-_B_Spleen	CD23lolCD21/35-	B	Spleen	45.47	35.68	28.31	27.7	26.2	20.43	59.60	37.97	25.20	20.6	7.2	45.6	26.5	22.3	25.6	13.6	14.5	14.7	28.6	23.6	21.2	17.1	13.2	7.5
B Mem_B_Spleen	B Mem	B	Spleen	12.66	9.66	11.15	2.6	4.3	2.69	14.85	13.11	8.58	6.2	3.5	6.9	12.1	10.7	11.1	5.2	5.8	5.4	12.0	13.7	10.3	8.2	5.7	4.6
T1_B_Spleen	T1	B	Spleen	32.01	25.24	16.14	24.6	21.2	17.29	43.00	23.62	15.72	13.8	3.4	37.4	14.0	10.6	13.4	7.8	8.0	8.7	15.4	9.0	10.2	8.3	7.1	2.8
CD23hiCD21/35int_B_Spleen	CD23hiCD21/35int	B	Spleen	20.81	33.44	43.46	35.3	41.5	44.80	15.29	37.12	50.36	47.8	70.2	16.1	51.0	52.0	46.7	61.6	57.7	60.5	45.3	54.2	52.7	59.4	62.5	69.2
T2_B_Spleen	T2	B	Spleen	1.36	1.65	2.79	0.6	0.9	0.82	1.23	2.78	2.81	1.7	1.9	0.6	3.8	3.5	3.4	2.5	2.4	2.3	3.6	6.0	3.7	3.1	2.3	3.7
T3 + FO_B_Spleen	T3 + FO	B	Spleen	19.12	31.34	39.90	34.5	40.2	43.64	13.76	33.67	46.74	45.5	67.6	15.3	46.5	47.7	42.5	58.4	54.6	57.6	40.9	47.0	48.1	55.6	59.5	64.7
CD23loCD21/35hi_B_Spleen	CD23loCD21/35hi	B	Spleen	13.31	8.32	7.35	16.4	12.0	17.24	10.27	5.39	5.90	13.8	8.4	23.2	4.2	5.3	6.4	8.8	7.3	9.4	5.8	5.0	5.9	9.2	10.8	8.5
MZB_B_Spleen	MZB	B	Spleen	7.21	5.48	5.04	5.9	6.8	9.07	6.02	2.96	4.45	9.9	6.6	11.2	2.8	3.7	4.5	5.9	4.3	6.3	4.0	3.4	3.6	5.7	6.5	6.4
Plasmocytes_B_Spleen	Plasmocytes	B	Spleen	0.07	0.66	0.03	0.0	0.1	0.02	0.02	0.04	0.03	0.0	0.0	0.0	0.3	0.1	0.1	0.2	0.5	0.6	0.4	0.1	0.2	1.2	0.7	0.9
CD45Rlo_B_Spleen	CD45Rlo	B	Spleen	4.28	5.01	4.35	3.1	5.6	2.14	4.05	5.00	5.54	3.9	3.7	3.2	3.4	3.8	4.5	2.4	4.6	3.6	4.4	3.9	5.7	3.2	3.4	3.9
B1a_B_Spleen	B1a	B	Spleen	1.59	2.03	1.68	0.2	3.5	0.32	1.37	1.76	2.30	0.6	0.8	0.6	1.0	1.3	1.1	0.5	0.5	0.8	1.2	1.3	2.3	1.2	1.4	1.3
pre-B_B_Spleen	pre-B	B	Spleen	2.62	2.88	2.57	2.8	2.0	1.78	2.63	3.15	3.15	3.2	2.8	2.5	2.3	2.4	3.3	1.8	4.0	2.7	3.1	2.5	3.4	1.9	1.9	2.5
Granulocytes_C_Spleen	Granulocytes	C	Spleen	1.11	0.86	1.35	1.24	1.99	1.07	0.92	1.52	0.91	1.2	1.6	1.2	0.9	1.0	0.9	1.9	1.1	2.1	1.4	1.4	1.0	1.9	1.4	1.5
T cells_C_Spleen	T cells	C	Spleen	28.55	29.75	33.40	24.69	23.34	24.72	31.90	30.00	28.37	30.2	32.8	31.7	34.1	33.9	30.8	26.1	31.0	24.7	33.1	31.2	31.2	28.1	28.6	30.7
Eosinophils_C_Spleen	Eosinophils	C	Spleen	0.23	0.32	0.38	0.32	0.64	0.55	0.44	0.48	0.52	0.5	0.3	0.4	0.3	0.2	0.2	0.6	0.4	0.8	0.5	0.7	0.4	0.3	0.7	0.6
Monocytes_C_Spleen	Monocytes	C	Spleen	0.48	0.48	0.58	0.75	0.74	0.78	0.46	0.72	0.54	0.6	0.7	0.4	0.6	0.7	0.8	0.4	0.4	0.5	0.4	0.6	0.4	0.6	0.7	0.6
Macrophages_C_Spleen	Macrophages	C	Spleen	0.19	0.17	0.22	0.04	0.04	0.05	0.18	0.23	0.26	0.0	0.1	0.0	0.4	0.3	0.5	0.2	0.1	0.2	0.3	0.3	0.4	0.1	0.1	0.1
pDC_C_Spleen	pDC	C	Spleen	0.51	0.41	0.35	0.32	0.63	0.33	0.29	0.44	0.37	0.5	0.5	0.4	0.4	0.4	0.4	0.3	0.4	0.3	0.4	1.2	0.4	0.5	0.4	0.5
CD4+CD8-_C_Spleen	CD4+CD8-	C	Spleen	38.50	39.60	39.00	36.90	34.90	31.70	37.00	40.40	40.40	37.5	42.4	35.8	37.4	38.8	38.2	32.4	39.5	34.9	43.2	49.9	49.9	45.4	45.4	49.1
CD4-CD8-_C_Spleen	CD4-CD8-	C	Spleen	25.90	26.10	31.40	36.50	26.70	39.30	30.10	23.00	24.20	36.4	36.3	41.7	26.3	30.4	32.7	33.9	31.2	32.5	26.2	12.2	19.7	27.1	24.8	31.1
CD4+CD8+_C_Spleen	CD4+CD8+	C	Spleen	30.40	28.70	23.50	20.70	33.10	21.80	27.80	31.70	29.90	17.6	14.8	16.4	30.2	25.2	24.2	26.0	23.5	26.6	25.9	35.0	26.6	23.2	25.5	14.9
cDC_C_Spleen	cDC	C	Spleen	2.30	2.07	1.87	1.28	1.02	1.49	1.92	1.93	2.52	1.5	1.5	1.7	1.9	1.9	2.3	1.3	1.2	1.2	1.8	2.2	2.2	1.6	1.3	1.6
im cDC_C_Spleen	im cDC	C	Spleen	55.14	54.41	53.76	41.76	32.82	46.99	51.66	52.73	50.20	48.7	45.4	42.3	51.6	46.0	46.8	44.4	44.7	41.0	46.1	48.9	46.2	40.0	34.7	40.0
CD8a Type im cDC_C_Spleen	CD8a Type im cDC	C	Spleen	25.07	23.42	21.88	20.34	39.57	17.04	19.23	18.74	19.69	16.8	8.9	13.4	13.1	18.2	13.0	13.3	10.3	9.2	8.1	8.3	8.1	10.8	6.4	7.4
CD11b Type im cDC_C_Spleen	CD11b Type im cDC	C	Spleen	74.04	75.50	77.21	77.95	58.85	81.80	79.70	80.07	78.93	81.5	89.6	85.0	86.0	80.8	85.8	85.7	88.4	89.4	91.1	90.7	90.8	88.1	92.7	91.6
mat cDC_C_Spleen	mat cDC	C	Spleen	21.43	24.92	25.86	35.41	32.92	32.03	26.15	23.38	23.37	28.0	27.6	31.3	33.9	33.5	29.1	37.7	35.1	37.4	33.3	29.4	29.5	30.2	33.9	38.4
CD8a+ Type mat cDC_C_Spleen	CD8a+ Type mat cDC	C	Spleen	13.20	12.80	10.50	14.50	21.50	13.70	12.10	11.70	8.90	14.2	15.8	17.6	7.7	9.6	9.4	13.4	13.1	11.9	9.2	7.9	6.4	16.5	13.9	13.9
CD11b+ Type mat cDC_C_Spleen	CD11b+ Type mat cDC	C	Spleen	85.90	86.20	88.50	84.60	76.40	85.20	87.00	86.90	90.30	84.2	83.3	81.2	91.7	89.7	89.5	85.8	85.6	87.5	89.9	90.7	92.6	82.4	85.2	85.3
